(9.19931, -0.0226161)
(9.19931, -0.0226388)
(9.19931, -0.0226615)
(9.19931, -0.0226842)
(9.19931, -0.0227069)
(9.19931, -0.0227298)
(9.1993, -0.0227526)
(9.1993, -0.0227755)
(9.1993, -0.0227985)
(9.1993, -0.0228215)
(9.1993, -0.0228445)
(9.1993, -0.0228676)
(9.1993, -0.0228908)
(9.19929, -0.0229139)
(9.19929, -0.0229372)
(9.19929, -0.0229604)
(9.19929, -0.0229838)
(9.19929, -0.0230071)
(9.19929, -0.0230306)
(9.19929, -0.023054)
(9.19928, -0.0230776)
(9.19928, -0.0231011)
(9.19928, -0.0231247)
(9.19928, -0.0231484)
(9.19928, -0.0231721)
(9.19928, -0.0231959)
(9.19928, -0.0232197)
(9.19927, -0.0232435)
(9.19927, -0.0232674)
(9.19927, -0.0232914)
(9.19927, -0.0233154)
(9.19927, -0.0233395)
(9.19927, -0.0233636)
(9.19927, -0.0233877)
(9.19926, -0.0234119)
(9.19926, -0.0234362)
(9.19926, -0.0234605)
(9.19926, -0.0234848)
(9.19926, -0.0235092)
(9.19926, -0.0235337)
(9.19925, -0.0235582)
(9.19925, -0.0235827)
(9.19925, -0.0236074)
(9.19925, -0.023632)
(9.19925, -0.0236567)
(9.19925, -0.0236815)
(9.19925, -0.0237063)
(9.19924, -0.0237312)
(9.19924, -0.0237561)
(9.19924, -0.0237811)
(9.19924, -0.0238061)
(9.19924, -0.0238312)
(9.19924, -0.0238563)
(9.19923, -0.0238815)
(9.19923, -0.0239067)
(9.19923, -0.023932)
(9.19923, -0.0239573)
(9.19923, -0.0239827)
(9.19923, -0.0240082)
(9.19922, -0.0240337)
(9.19922, -0.0240593)
(9.19922, -0.0240849)
(9.19922, -0.0241105)
(9.19922, -0.0241363)
(9.19922, -0.024162)
(9.19921, -0.0241879)
(9.19921, -0.0242138)
(9.19921, -0.0242397)
(9.19921, -0.0242657)
(9.19921, -0.0242918)
(9.19921, -0.0243179)
(9.1992, -0.024344)
(9.1992, -0.0243703)
(9.1992, -0.0243965)
(9.1992, -0.0244229)
(9.1992, -0.0244493)
(9.1992, -0.0244757)
(9.19919, -0.0245022)
(9.19919, -0.0245288)
(9.19919, -0.0245554)
(9.19919, -0.0245821)
(9.19919, -0.0246088)
(9.19918, -0.0246356)
(9.19918, -0.0246625)
(9.19918, -0.0246894)
(9.19918, -0.0247164)
(9.19918, -0.0247434)
(9.19918, -0.0247705)
(9.19917, -0.0247977)
(9.19917, -0.0248249)
(9.19917, -0.0248521)
(9.19917, -0.0248795)
(9.19917, -0.0249069)
(9.19917, -0.0249343)
(9.19916, -0.0249618)
(9.19916, -0.0249894)
(9.19916, -0.025017)
(9.19916, -0.0250447)
(9.19916, -0.0250725)
(9.19915, -0.0251003)
(9.19915, -0.0251282)
(9.19915, -0.0251561)
(9.19915, -0.0251841)
(9.19915, -0.0252122)
(9.19914, -0.0252403)
(9.19914, -0.0252685)
(9.19914, -0.0252968)
(9.19914, -0.0253251)
(9.19914, -0.0253535)
(9.19913, -0.0253819)
(9.19913, -0.0254104)
(9.19913, -0.025439)
(9.19913, -0.0254676)
(9.19913, -0.0254963)
(9.19912, -0.0255251)
(9.19912, -0.0255539)
(9.19912, -0.0255828)
(9.19912, -0.0256118)
(9.19912, -0.0256408)
(9.19912, -0.0256699)
(9.19911, -0.0256991)
(9.19911, -0.0257283)
(9.19911, -0.0257576)
(9.19911, -0.0257869)
(9.1991, -0.0258164)
(9.1991, -0.0258459)
(9.1991, -0.0258754)
(9.1991, -0.025905)
(9.1991, -0.0259347)
(9.19909, -0.0259645)
(9.19909, -0.0259943)
(9.19909, -0.0260242)
(9.19909, -0.0260542)
(9.19909, -0.0260843)
(9.19908, -0.0261144)
(9.19908, -0.0261445)
(9.19908, -0.0261748)
(9.19908, -0.0262051)
(9.19908, -0.0262355)
(9.19907, -0.026266)
(9.19907, -0.0262965)
(9.19907, -0.0263271)
(9.19907, -0.0263578)
(9.19906, -0.0263885)
(9.19906, -0.0264193)
(9.19906, -0.0264502)
(9.19906, -0.0264812)
(9.19906, -0.0265122)
(9.19905, -0.0265433)
(9.19905, -0.0265745)
(9.19905, -0.0266057)
(9.19905, -0.0266371)
(9.19904, -0.0266684)
(9.19904, -0.0266999)
(9.19904, -0.0267315)
(9.19904, -0.0267631)
(9.19904, -0.0267948)
(9.19903, -0.0268266)
(9.19903, -0.0268584)
(9.19903, -0.0268903)
(9.19903, -0.0269223)
(9.19902, -0.0269544)
(9.19902, -0.0269866)
(9.19902, -0.0270188)
(9.19902, -0.0270511)
(9.19901, -0.0270835)
(9.19901, -0.0271159)
(9.19901, -0.0271485)
(9.19901, -0.0271811)
(9.19901, -0.0272138)
(9.199, -0.0272466)
(9.199, -0.0272794)
(9.199, -0.0273123)
(9.199, -0.0273454)
(9.19899, -0.0273784)
(9.19899, -0.0274116)
(9.19899, -0.0274449)
(9.19899, -0.0274782)
(9.19898, -0.0275116)
(9.19898, -0.0275451)
(9.19898, -0.0275787)
(9.19898, -0.0276123)
(9.19897, -0.0276461)
(9.19897, -0.0276799)
(9.19897, -0.0277138)
(9.19897, -0.0277478)
(9.19896, -0.0277819)
(9.19896, -0.027816)
(9.19896, -0.0278503)
(9.19896, -0.0278846)
(9.19895, -0.027919)
(9.19895, -0.0279535)
(9.19895, -0.0279881)
(9.19895, -0.0280228)
(9.19894, -0.0280575)
(9.19894, -0.0280923)
(9.19894, -0.0281273)
(9.19893, -0.0281623)
(9.19893, -0.0281974)
(9.19893, -0.0282326)
(9.19893, -0.0282678)
(9.19892, -0.0283032)
(9.19892, -0.0283387)
(9.19892, -0.0283742)
(9.19892, -0.0284098)
(9.19891, -0.0284455)
(9.19891, -0.0284814)
(9.19891, -0.0285173)
(9.1989, -0.0285532)
(9.1989, -0.0285893)
(9.1989, -0.0286255)
(9.1989, -0.0286618)
(9.19889, -0.0286981)
(9.19889, -0.0287346)
(9.19889, -0.0287711)
(9.19889, -0.0288077)
(9.19888, -0.0288445)
(9.19888, -0.0288813)
(9.19888, -0.0289182)
(9.19887, -0.0289552)
(9.19887, -0.0289923)
(9.19887, -0.0290295)
(9.19887, -0.0290668)
(9.19886, -0.0291042)
(9.19886, -0.0291417)
(9.19886, -0.0291793)
(9.19885, -0.0292169)
(9.19885, -0.0292547)
(9.19885, -0.0292926)
(9.19884, -0.0293306)
(9.19884, -0.0293687)
(9.19884, -0.0294068)
(9.19884, -0.0294451)
(9.19883, -0.0294835)
(9.19883, -0.0295219)
(9.19883, -0.0295605)
(9.19882, -0.0295992)
(9.19882, -0.029638)
(9.19882, -0.0296768)
(9.19881, -0.0297158)
(9.19881, -0.0297549)
(9.19881, -0.0297941)
(9.1988, -0.0298334)
(9.1988, -0.0298727)
(9.1988, -0.0299122)
(9.19879, -0.0299518)
(9.19879, -0.0299915)
(9.19879, -0.0300313)
(9.19879, -0.0300713)
(9.19878, -0.0301113)
(9.19878, -0.0301514)
(9.19878, -0.0301916)
(9.19877, -0.030232)
(9.19877, -0.0302724)
(9.19877, -0.030313)
(9.19876, -0.0303537)
(9.19876, -0.0303944)
(9.19876, -0.0304353)
(9.19875, -0.0304763)
(9.19875, -0.0305174)
(9.19875, -0.0305586)
(9.19874, -0.0306)
(9.19874, -0.0306414)
(9.19874, -0.030683)
(9.19873, -0.0307246)
(9.19873, -0.0307664)
(9.19873, -0.0308083)
(9.19872, -0.0308503)
(9.19872, -0.0308924)
(9.19871, -0.0309347)
(9.19871, -0.030977)
(9.19871, -0.0310195)
(9.1987, -0.0310621)
(9.1987, -0.0311048)
(9.1987, -0.0311476)
(9.19869, -0.0311905)
(9.19869, -0.0312336)
(9.19869, -0.0312768)
(9.19868, -0.0313201)
(9.19868, -0.0313635)
(9.19867, -0.031407)
(9.19867, -0.0314507)
(9.19867, -0.0314945)
(9.19866, -0.0315384)
(9.19866, -0.0315824)
(9.19866, -0.0316265)
(9.19865, -0.0316708)
(9.19865, -0.0317152)
(9.19865, -0.0317597)
(9.19864, -0.0318043)
(9.19864, -0.0318491)
(9.19863, -0.031894)
(9.19863, -0.031939)
(9.19863, -0.0319842)
(9.19862, -0.0320295)
(9.19862, -0.0320749)
(9.19861, -0.0321204)
(9.19861, -0.0321661)
(9.19861, -0.0322119)
(9.1986, -0.0322578)
(9.1986, -0.0323038)
(9.19859, -0.03235)
(9.19859, -0.0323963)
(9.19859, -0.0324428)
(9.19858, -0.0324894)
(9.19858, -0.0325361)
(9.19857, -0.0325829)
(9.19857, -0.0326299)
(9.19857, -0.0326771)
(9.19856, -0.0327243)
(9.19856, -0.0327717)
(9.19855, -0.0328193)
(9.19855, -0.0328669)
(9.19854, -0.0329147)
(9.19854, -0.0329627)
(9.19854, -0.0330108)
(9.19853, -0.033059)
(9.19853, -0.0331074)
(9.19852, -0.0331559)
(9.19852, -0.0332046)
(9.19851, -0.0332534)
(9.19851, -0.0333023)
(9.19851, -0.0333514)
(9.1985, -0.0334006)
(9.1985, -0.03345)
(9.19849, -0.0334995)
(9.19849, -0.0335492)
(9.19848, -0.033599)
(9.19848, -0.033649)
(9.19847, -0.0336991)
(9.19847, -0.0337493)
(9.19847, -0.0337998)
(9.19846, -0.0338503)
(9.19846, -0.033901)
(9.19845, -0.0339519)
(9.19845, -0.0340029)
(9.19844, -0.0340541)
(9.19844, -0.0341054)
(9.19843, -0.0341569)
(9.19843, -0.0342086)
(9.19842, -0.0342604)
(9.19842, -0.0343123)
(9.19841, -0.0343644)
(9.19841, -0.0344167)
(9.1984, -0.0344691)
(9.1984, -0.0345217)
(9.19839, -0.0345745)
(9.19839, -0.0346274)
(9.19838, -0.0346804)
(9.19838, -0.0347337)
(9.19837, -0.0347871)
(9.19837, -0.0348406)
(9.19836, -0.0348944)
(9.19836, -0.0349483)
(9.19835, -0.0350023)
(9.19835, -0.0350566)
(9.19834, -0.035111)
(9.19834, -0.0351655)
(9.19833, -0.0352203)
(9.19833, -0.0352752)
(9.19832, -0.0353302)
(9.19832, -0.0353855)
(9.19831, -0.0354409)
(9.19831, -0.0354965)
(9.1983, -0.0355523)
(9.1983, -0.0356082)
(9.19829, -0.0356644)
(9.19829, -0.0357207)
(9.19828, -0.0357771)
(9.19827, -0.0358338)
(9.19827, -0.0358906)
(9.19826, -0.0359476)
(9.19826, -0.0360048)
(9.19825, -0.0360622)
(9.19825, -0.0361198)
(9.19824, -0.0361775)
(9.19824, -0.0362355)
(9.19823, -0.0362936)
(9.19822, -0.0363519)
(9.19822, -0.0364104)
(9.19821, -0.0364691)
(9.19821, -0.0365279)
(9.1982, -0.036587)
(9.1982, -0.0366463)
(9.19819, -0.0367057)
(9.19818, -0.0367653)
(9.19818, -0.0368252)
(9.19817, -0.0368852)
(9.19817, -0.0369454)
(9.19816, -0.0370058)
(9.19815, -0.0370665)
(9.19815, -0.0371273)
(9.19814, -0.0371883)
(9.19814, -0.0372495)
(9.19813, -0.0373109)
(9.19812, -0.0373725)
(9.19812, -0.0374344)
(9.19811, -0.0374964)
(9.1981, -0.0375586)
(9.1981, -0.0376211)
(9.19809, -0.0376837)
(9.19809, -0.0377466)
(9.19808, -0.0378097)
(9.19807, -0.0378729)
(9.19807, -0.0379364)
(9.19806, -0.0380001)
(9.19805, -0.0380641)
(9.19805, -0.0381282)
(9.19804, -0.0381925)
(9.19803, -0.0382571)
(9.19803, -0.0383219)
(9.19802, -0.0383869)
(9.19801, -0.0384521)
(9.19801, -0.0385176)
(9.198, -0.0385833)
(9.19799, -0.0386492)
(9.19799, -0.0387153)
(9.19798, -0.0387816)
(9.19797, -0.0388482)
(9.19797, -0.038915)
(9.19796, -0.038982)
(9.19795, -0.0390493)
(9.19794, -0.0391168)
(9.19794, -0.0391845)
(9.19793, -0.0392525)
(9.19792, -0.0393207)
(9.19792, -0.0393892)
(9.19791, -0.0394578)
(9.1979, -0.0395268)
(9.19789, -0.0395959)
(9.19789, -0.0396653)
(9.19788, -0.039735)
(9.19787, -0.0398049)
(9.19786, -0.039875)
(9.19786, -0.0399454)
(9.19785, -0.040016)
(9.19784, -0.0400869)
(9.19783, -0.040158)
(9.19783, -0.0402294)
(9.19782, -0.0403011)
(9.19781, -0.040373)
(9.1978, -0.0404451)
(9.19779, -0.0405175)
(9.19779, -0.0405902)
(9.19778, -0.0406632)
(9.19777, -0.0407364)
(9.19776, -0.0408098)
(9.19775, -0.0408835)
(9.19775, -0.0409575)
(9.19774, -0.0410318)
(9.19773, -0.0411063)
(9.19772, -0.0411811)
(9.19771, -0.0412562)
(9.1977, -0.0413316)
(9.1977, -0.0414072)
(9.19769, -0.0414831)
(9.19768, -0.0415593)
(9.19767, -0.0416357)
(9.19766, -0.0417125)
(9.19765, -0.0417895)
(9.19764, -0.0418668)
(9.19764, -0.0419444)
(9.19763, -0.0420223)
(9.19762, -0.0421004)
(9.19761, -0.0421789)
(9.1976, -0.0422577)
(9.19759, -0.0423367)
(9.19758, -0.0424161)
(9.19757, -0.0424957)
(9.19756, -0.0425757)
(9.19755, -0.0426559)
(9.19755, -0.0427365)
(9.19754, -0.0428173)
(9.19753, -0.0428985)
(9.19752, -0.04298)
(9.19751, -0.0430617)
(9.1975, -0.0431438)
(9.19749, -0.0432262)
(9.19748, -0.0433089)
(9.19747, -0.043392)
(9.19746, -0.0434753)
(9.19745, -0.043559)
(9.19744, -0.043643)
(9.19743, -0.0437273)
(9.19742, -0.043812)
(9.19741, -0.043897)
(9.1974, -0.0439823)
(9.19739, -0.0440679)
(9.19738, -0.0441539)
(9.19737, -0.0442402)
(9.19736, -0.0443268)
(9.19735, -0.0444138)
(9.19734, -0.0445012)
(9.19733, -0.0445888)
(9.19732, -0.0446768)
(9.19731, -0.0447652)
(9.1973, -0.0448539)
(9.19729, -0.044943)
(9.19727, -0.0450324)
(9.19726, -0.0451222)
(9.19725, -0.0452123)
(9.19724, -0.0453028)
(9.19723, -0.0453937)
(9.19722, -0.0454849)
(9.19721, -0.0455765)
(9.1972, -0.0456685)
(9.19719, -0.0457608)
(9.19717, -0.0458535)
(9.19716, -0.0459466)
(9.19715, -0.0460401)
(9.19714, -0.0461339)
(9.19713, -0.0462282)
(9.19712, -0.0463228)
(9.1971, -0.0464178)
(9.19709, -0.0465132)
(9.19708, -0.0466089)
(9.19707, -0.0467051)
(9.19706, -0.0468017)
(9.19704, -0.0468987)
(9.19703, -0.0469961)
(9.19702, -0.0470938)
(9.19701, -0.047192)
(9.19699, -0.0472906)
(9.19698, -0.0473896)
(9.19697, -0.0474891)
(9.19696, -0.0475889)
(9.19694, -0.0476892)
(9.19693, -0.0477899)
(9.19692, -0.047891)
(9.1969, -0.0479925)
(9.19689, -0.0480945)
(9.19688, -0.0481969)
(9.19686, -0.0482998)
(9.19685, -0.0484031)
(9.19684, -0.0485068)
(9.19682, -0.048611)
(9.19681, -0.0487156)
(9.1968, -0.0488207)
(9.19678, -0.0489262)
(9.19677, -0.0490322)
(9.19675, -0.0491386)
(9.19674, -0.0492455)
(9.19673, -0.0493529)
(9.19671, -0.0494607)
(9.1967, -0.049569)
(9.19668, -0.0496778)
(9.19667, -0.0497871)
(9.19665, -0.0498968)
(9.19664, -0.0500071)
(9.19662, -0.0501178)
(9.19661, -0.050229)
(9.19659, -0.0503407)
(9.19658, -0.0504529)
(9.19656, -0.0505656)
(9.19655, -0.0506788)
(9.19653, -0.0507925)
(9.19652, -0.0509068)
(9.1965, -0.0510215)
(9.19648, -0.0511368)
(9.19647, -0.0512526)
(9.19645, -0.0513689)
(9.19644, -0.0514857)
(9.19642, -0.0516031)
(9.1964, -0.051721)
(9.19639, -0.0518394)
(9.19637, -0.0519584)
(9.19635, -0.0520779)
(9.19634, -0.052198)
(9.19632, -0.0523187)
(9.1963, -0.0524399)
(9.19629, -0.0525616)
(9.19627, -0.0526839)
(9.19625, -0.0528068)
(9.19623, -0.0529303)
(9.19622, -0.0530544)
(9.1962, -0.053179)
(9.19618, -0.0533042)
(9.19616, -0.05343)
(9.19614, -0.0535564)
(9.19612, -0.0536834)
(9.19611, -0.053811)
(9.19609, -0.0539392)
(9.19607, -0.0540681)
(9.19605, -0.0541975)
(9.19603, -0.0543276)
(9.19601, -0.0544582)
(9.19599, -0.0545896)
(9.19597, -0.0547215)
(9.19595, -0.0548541)
(9.19593, -0.0549873)
(9.19591, -0.0551212)
(9.19589, -0.0552557)
(9.19587, -0.0553909)
(9.19585, -0.0555268)
(9.19583, -0.0556633)
(9.19581, -0.0558005)
(9.19579, -0.0559384)
(9.19577, -0.0560769)
(9.19575, -0.0562162)
(9.19573, -0.0563561)
(9.19571, -0.0564967)
(9.19569, -0.0566381)
(9.19566, -0.0567801)
(9.19564, -0.0569229)
(9.19562, -0.0570663)
(9.1956, -0.0572105)
(9.19558, -0.0573555)
(9.19555, -0.0575011)
(9.19553, -0.0576475)
(9.19551, -0.0577947)
(9.19548, -0.0579426)
(9.19546, -0.0580913)
(9.19544, -0.0582407)
(9.19541, -0.0583909)
(9.19539, -0.0585419)
(9.19537, -0.0586936)
(9.19534, -0.0588462)
(9.19532, -0.0589995)
(9.19529, -0.0591536)
(9.19527, -0.0593086)
(9.19524, -0.0594643)
(9.19522, -0.0596209)
(9.19519, -0.0597783)
(9.19517, -0.0599366)
(9.19514, -0.0600956)
(9.19512, -0.0602556)
(9.19509, -0.0604163)
(9.19506, -0.060578)
(9.19504, -0.0607405)
(9.19501, -0.0609038)
(9.19498, -0.0610681)
(9.19496, -0.0612332)
(9.19493, -0.0613993)
(9.1949, -0.0615662)
(9.19487, -0.061734)
(9.19484, -0.0619028)
(9.19482, -0.0620725)
(9.19479, -0.0622431)
(9.19476, -0.0624147)
(9.19473, -0.0625872)
(9.1947, -0.0627606)
(9.19467, -0.062935)
(9.19464, -0.0631104)
(9.19461, -0.0632868)
(9.19458, -0.0634642)
(9.19455, -0.0636425)
(9.19452, -0.0638219)
(9.19449, -0.0640023)
(9.19446, -0.0641837)
(9.19443, -0.0643661)
(9.19439, -0.0645495)
(9.19436, -0.064734)
(9.19433, -0.0649196)
(9.1943, -0.0651062)
(9.19426, -0.065294)
(9.19423, -0.0654827)
(9.1942, -0.0656726)
(9.19416, -0.0658636)
(9.19413, -0.0660557)
(9.19409, -0.0662489)
(9.19406, -0.0664433)
(9.19402, -0.0666388)
(9.19399, -0.0668354)
(9.19395, -0.0670332)
(9.19392, -0.0672322)
(9.19388, -0.0674324)
(9.19384, -0.0676338)
(9.19381, -0.0678363)
(9.19377, -0.0680401)
(9.19373, -0.0682451)
(9.19369, -0.0684514)
(9.19366, -0.0686589)
(9.19362, -0.0688676)
(9.19358, -0.0690776)
(9.19354, -0.0692889)
(9.1935, -0.0695016)
(9.19346, -0.0697155)
(9.19342, -0.0699307)
(9.19338, -0.0701473)
(9.19334, -0.0703652)
(9.19329, -0.0705844)
(9.19325, -0.070805)
(9.19321, -0.0710271)
(9.19317, -0.0712505)
(9.19312, -0.0714753)
(9.19308, -0.0717015)
(9.19303, -0.0719292)
(9.19299, -0.0721583)
(9.19295, -0.0723889)
(9.1929, -0.0726209)
(9.19285, -0.0728545)
(9.19281, -0.0730895)
(9.19276, -0.0733261)
(9.19271, -0.0735642)
(9.19267, -0.0738038)
(9.19262, -0.0740451)
(9.19257, -0.0742879)
(9.19252, -0.0745322)
(9.19247, -0.0747782)
(9.19242, -0.0750259)
(9.19237, -0.0752751)
(9.19232, -0.0755261)
(9.19227, -0.0757787)
(9.19221, -0.076033)
(9.19216, -0.076289)
(9.19211, -0.0765467)
(9.19206, -0.0768062)
(9.192, -0.0770674)
(9.19195, -0.0773305)
(9.19189, -0.0775953)
(9.19183, -0.0778619)
(9.19178, -0.0781304)
(9.19172, -0.0784007)
(9.19166, -0.0786729)
(9.1916, -0.078947)
(9.19155, -0.079223)
(9.19149, -0.0795009)
(9.19143, -0.0797808)
(9.19136, -0.0800627)
(9.1913, -0.0803466)
(9.19124, -0.0806324)
(9.19118, -0.0809203)
(9.19111, -0.0812103)
(9.19105, -0.0815024)
(9.19099, -0.0817965)
(9.19092, -0.0820928)
(9.19085, -0.0823913)
(9.19079, -0.0826919)
(9.19072, -0.0829947)
(9.19065, -0.0832997)
(9.19058, -0.083607)
(9.19051, -0.0839165)
(9.19044, -0.0842284)
(9.19037, -0.0845425)
(9.1903, -0.084859)
(9.19022, -0.0851779)
(9.19015, -0.0854992)
(9.19007, -0.0858229)
(9.19, -0.0861491)
(9.18992, -0.0864777)
(9.18984, -0.0868089)
(9.18976, -0.0871426)
(9.18968, -0.0874789)
(9.1896, -0.0878177)
(9.18952, -0.0881592)
(9.18944, -0.0885034)
(9.18936, -0.0888502)
(9.18927, -0.0891998)
(9.18919, -0.0895521)
(9.1891, -0.0899073)
(9.18901, -0.0902652)
(9.18893, -0.090626)
(9.18884, -0.0909897)
(9.18875, -0.0913563)
(9.18865, -0.0917258)
(9.18856, -0.0920984)
(9.18847, -0.092474)
(9.18837, -0.0928527)
(9.18828, -0.0932344)
(9.18818, -0.0936193)
(9.18808, -0.0940074)
(9.18798, -0.0943987)
(9.18788, -0.0947933)
(9.18778, -0.0951912)
(9.18767, -0.0955924)
(9.18757, -0.095997)
(9.18746, -0.0964051)
(9.18735, -0.0968166)
(9.18724, -0.0972316)
(9.18713, -0.0976502)
(9.18702, -0.0980724)
(9.18691, -0.0984983)
(9.18679, -0.0989279)
(9.18668, -0.0993612)
(9.18656, -0.0997983)
(9.18644, -0.100239)
(9.18632, -0.100684)
(9.18619, -0.101133)
(9.18607, -0.101586)
(9.18594, -0.102043)
(9.18581, -0.102504)
(9.18568, -0.102969)
(9.18555, -0.103438)
(9.18542, -0.103912)
(9.18528, -0.10439)
(9.18515, -0.104873)
(9.18501, -0.105359)
(9.18487, -0.105851)
(9.18472, -0.106347)
(9.18458, -0.106848)
(9.18443, -0.107353)
(9.18428, -0.107863)
(9.18413, -0.108378)
(9.18398, -0.108898)
(9.18382, -0.109423)
(9.18366, -0.109953)
(9.1835, -0.110488)
(9.18334, -0.111029)
(9.18318, -0.111574)
(9.18301, -0.112126)
(9.18284, -0.112682)
(9.18266, -0.113244)
(9.18249, -0.113812)
(9.18231, -0.114385)
(9.18213, -0.114964)
(9.18195, -0.115549)
(9.18176, -0.11614)
(9.18157, -0.116737)
(9.18138, -0.11734)
(9.18118, -0.11795)
(9.18098, -0.118565)
(9.18078, -0.119188)
(9.18058, -0.119816)
(9.18037, -0.120452)
(9.18016, -0.121094)
(9.17994, -0.121743)
(9.17973, -0.122399)
(9.1795, -0.123062)
(9.17928, -0.123732)
(9.17905, -0.124409)
(9.17882, -0.125094)
(9.17858, -0.125787)
(9.17834, -0.126487)
(9.17809, -0.127195)
(9.17784, -0.12791)
(9.17759, -0.128634)
(9.17733, -0.129366)
(9.17707, -0.130107)
(9.1768, -0.130856)
(9.17653, -0.131613)
(9.17625, -0.13238)
(9.17597, -0.133155)
(9.17568, -0.133939)
(9.17539, -0.134733)
(9.17509, -0.135536)
(9.17479, -0.136348)
(9.17448, -0.137171)
(9.17417, -0.138003)
(9.17385, -0.138845)
(9.17352, -0.139698)
(9.17319, -0.140561)
(9.17286, -0.141435)
(9.17251, -0.142319)
(9.17216, -0.143215)
(9.1718, -0.144122)
(9.17144, -0.14504)
(9.17107, -0.14597)
(9.17069, -0.146912)
(9.1703, -0.147867)
(9.16991, -0.148833)
(9.1695, -0.149812)
(9.16909, -0.150805)
(9.16868, -0.15181)
(9.16825, -0.152828)
(9.16781, -0.153861)
(9.16737, -0.154907)
(9.16691, -0.155967)
(9.16645, -0.157042)
(9.16598, -0.158132)
(9.16549, -0.159237)
(9.165, -0.160357)
(9.16449, -0.161494)
(9.16398, -0.162646)
(9.16345, -0.163814)
(9.16291, -0.165)
(9.16236, -0.166202)
(9.1618, -0.167422)
(9.16122, -0.16866)
(9.16063, -0.169916)
(9.16003, -0.171191)
(9.15941, -0.172485)
(9.15878, -0.173798)
(9.15814, -0.175131)
(9.15748, -0.176485)
(9.1568, -0.17786)
(9.15611, -0.179256)
(9.1554, -0.180674)
(9.15467, -0.182114)
(9.15393, -0.183577)
(9.15316, -0.185064)
(9.15238, -0.186575)
(9.15158, -0.18811)
(9.15075, -0.18967)
(9.14991, -0.191256)
(9.14905, -0.192869)
(9.14816, -0.194509)
(9.14725, -0.196176)
(9.14631, -0.197872)
(9.14535, -0.199597)
(9.14436, -0.201352)
(9.14335, -0.203138)
(9.1423, -0.204955)
(9.14123, -0.206805)
(9.14013, -0.208688)
(9.139, -0.210605)
(9.13784, -0.212557)
(9.13664, -0.214545)
(9.1354, -0.21657)
(9.13413, -0.218633)
(9.13283, -0.220735)
(9.13148, -0.222877)
(9.13009, -0.22506)
(9.12866, -0.227286)
(9.12719, -0.229556)
(9.12567, -0.23187)
(9.1241, -0.234231)
(9.12248, -0.236639)
(9.12081, -0.239097)
(9.11908, -0.241605)
(9.1173, -0.244165)
(9.11546, -0.246779)
(9.11355, -0.249448)
(9.11158, -0.252174)
(9.10955, -0.254959)
(9.10744, -0.257805)
(9.10525, -0.260713)
(9.10299, -0.263686)
(9.10065, -0.266727)
(9.09822, -0.269836)
(9.0957, -0.273016)
(9.09309, -0.276271)
(9.09037, -0.279601)
(9.08756, -0.283011)
(9.08463, -0.286502)
(9.08159, -0.290077)
(9.07842, -0.293741)
(9.07513, -0.297494)
(9.0717, -0.301342)
(9.06813, -0.305286)
(9.06441, -0.309332)
(9.06053, -0.313482)
(9.05648, -0.31774)
(9.05225, -0.322111)
(9.04783, -0.326599)
(9.04321, -0.331208)
(9.03838, -0.335943)
(9.03332, -0.340808)
(9.02802, -0.345809)
(9.02246, -0.350952)
(9.01663, -0.356241)
(9.01051, -0.361684)
(9.00408, -0.367285)
(8.99732, -0.373051)
(8.9902, -0.378989)
(8.9827, -0.385106)
(8.97479, -0.39141)
(8.96645, -0.397907)
(8.95763, -0.404606)
(8.94831, -0.411516)
(8.93843, -0.418644)
(8.92797, -0.425999)
(8.91687, -0.433591)
(8.90508, -0.44143)
(8.89254, -0.449524)
(8.87919, -0.457884)
(8.86495, -0.466519)
(8.84975, -0.475439)
(8.83349, -0.484654)
(8.81609, -0.494174)
(8.79741, -0.504008)
(8.77735, -0.514163)
(8.75576, -0.524646)
(8.73248, -0.535464)
(8.70734, -0.546619)
(8.68013, -0.558111)
(8.65061, -0.569936)
(8.61853, -0.582086)
(8.58358, -0.594543)
(8.54541, -0.607283)
(8.50362, -0.620267)
(8.45774, -0.633443)
(8.40722, -0.646735)
(8.35143, -0.660042)
(8.28961, -0.673225)
(8.22089, -0.686099)
(8.1442, -0.698411)
(8.0583, -0.709827)
(7.96167, -0.719894)
(7.85251, -0.728003)
(7.7286, -0.73333)
(7.58725, -0.734752)
(7.42514, -0.730736)
(7.23816, -0.71916)
(7.0212, -0.697073)
(6.76786, -0.660314)
(6.47013, -0.602961)
(6.11788, -0.516467)
(5.69845, -0.388329)
(5.19615, -0.2)
(4.59211, 0.0764163)
(3.86525, 0.483331)
(2.99627, 1.08544)
(1.9799, 1.9799)
(0.857838, 3.30256)
(-0.2, 5.19615)
(-0.734752, 7.58725)
(-2.20436e-16, 9.2)
(0.2, 5.19615)
(-9.2, -4.40873e-16)
(9.2, 8.81746e-16)

